0 3.447996247300289
1 3.407319774303672
2 2.9244438872189846
3 3.203558026344459
4 3.0744269841230656
5 3.2410817824512566
6 3.135220881101919
7 4.025225971950058
8 3.6892392111460848
9 3.361334213072077
10 3.162527776191484
11 1.1558547476162413
12 3.0247914001255904

14 3.9909546214693896
15 3.5042218913426417
16 3.3512239853641
17 3.2721375201904936
18 3.418043867458649
19 3.2324045962252437
20 4.156089705992146
21 3.497174014697299
22 4.162734018651142
23 3.4315573416757075
24 4.234485086057609
25 3.154871979861046
26 3.8826216456116964

27 3.303287361658843
28 3.703913899772412
29 2.6266325554523497
30 2.9080456799754963
31 3.600418095376171
32 3.089228450458663
33 2.9250831092924345
34 3.828961229638257
35 4.439550332987363
36 3.9431468708849406
37 3.4491225075944807
38 3.70703441613988
39 3.3025488040350703
40 3.6728997936420797
41 3.946132968326206
42 3.2786055701221146
43 3.66072223521266
44 3.2206740632930604
45 3.8713723302646894
46 3.226129618394068
47 2.681780544367077
48 3.29348836851701
49 3.3507621739096796
50 3.017345706186344
51 3.5069873445040316
52 3.9011211373680377
53 3.995875561090803
54 4.0135270334914015
55 3.7182567989018778
56 3.5458163683559025
57 3.8197549839070253
58 3.276065836212436
59 3.102754113057005
60 3.257296967391608
61 4.17889006540423
62 3.5893405039726773
63 3.3422732926898586
64 3.3007812024817644
65 3.5888572241149332
66 3.461454687861389
67 2.879857110728216
68 3.90250996281687
69 3.380295022503371
70 4.311311698237502
71 3.4823756105087846
72 2.585020001920131
73 3.0293372958970264
74 4.136038534116823
75 3.4571022595485927
76 3.5221103399390628
77 4.132102498488971
78 2.9733824201811268
79 3.721186116176228
80 3.7171315890257532
81 3.2214793047759445
82 3.550487148970869
83 3.204644365201559
84 3.130521215400627
85 3.690438570585496
86 3.941625101946101
87 4.6154277899275975
88 3.7452436869175947
89 3.962006875243768
90 3.7348433748087437
91 2.3851878767210044
92 2.692625208454833
93 3.4215305648073913
94 3.501531203627764
95 3.7622772138346194
96 3.4286335518110547
97 3.8199660297489513
98 3.079512408863952
99 3.9756458611870067
100 3.369782126571085
101 2.855110990521852
102 3.3597295799341227
103 3.5727257458603563
104 3.817732205445547
105 3.8352834654086507
106 3.892476655675759
107 3.896273016481042
108 3.7895965048566653
109 3.621281801982681
110 3.2800211440775775
111 3.307383773985999
112 3.5590475353513957
113 3.536100815678668
114 3.2655826243247867
115 3.9191371695563695
116 3.8814724663696674
117 3.9954786591771216
118 4.117984636114253
119 3.9553935153830784
120 3.906763398492709
121 3.924617730248257
122 3.3168371100043363
123 3.114059302855809
124 3.135417383805477
125 4.198148865799572
126 3.362207558365489
127 3.329113802620157
128 3.9670026968211722
129 4.251439381720787
130 3.4601790670889314
131 3.6490499686188658
132 3.3423822830219945
133 3.4386470889749217
134 2.722191495242179
135 3.5079291210407164
136 3.717290280276747
137 3.1644247919775648
138 3.3424749010698225
139 2.9393544587179816
140 3.6816515741542943
141 3.512445499316707
142 3.6674259866942522
143 3.9784475185445154
144 3.8807124849716237
145 3.3759709478859965
146 3.5122425653029508
147 3.351167841296394
148 3.9140779455663193
149 3.1573685868481753
150 4.782139718070544
151 3.557464029470575
152 3.5172445149233402
153 3.731021099103513
154 2.9828932276463718
155 3.870438798538444
156 3.3247838141233164
157 3.5174351290433
158 3.4642780355421667
159 3.6996396186880816
160 3.727719767230763
161 3.39619255088812
162 4.0167100463074945
163 3.9839271884640315
164 2.51089987519434
165 2.9609567544242315
166 3.721408300091039
167 4.0320106752982685

168 3.362881025939442
169 3.4680357254531065
170 3.775722906739205
171 3.0313854101863
172 3.717085972014497
173 3.672865392427178
174 3.303621161468954
175 3.4518093993735213
176 3.3034217855056283
177 3.893351091477952
178 2.9321166664723437
179 4.211963076254115
180 3.0885480622378294
181 3.41528497714159
182 3.6103135140685785
183 3.9224641521231964
184 3.333276559739031
185 2.991211391023961
186 2.9309194215636367
187 3.1169060152298997
188 4.019871460202628
189 3.914177258305697
190 2.9679293983703507
191 3.916569753978905
192 3.741537910479549
193 4.182478432699816
194 3.0894739397921134
195 4.309164234223647
196 3.482377637173415
197 3.9667984997110755
198 4.6710520940182985
199 3.644446019044563
200 3.846815683932945
201 3.5821169523268788
202 2.8036752905866265
203 3.399312020929845
204 3.871629002638467
205 3.6310593355885814
206 3.6401691458074867
207 3.7805265287953636
208 2.9749823673980704
209 3.607320683158635
210 1.0594990157264752
211 2.5885027612901608
212 4.227640590276469
213 3.5603050113128085
214 4.235780229151592
215 2.6916312426037075
216 3.3967215768634724
217 3.9781135687755462
218 2.8346857348083705
219 3.497538650925516
220 3.8084719613670597
221 3.143637968822877
222 3.75989701145362
223 3.7696359792679655
224 2.9870254172329314
225 3.2302151855449206
226 3.3739443414095147
227 3.180992720950522
228 3.1020664914768554
229 3.771382886688816
230 3.8154286356129496
231 3.036582016638982
232 4.190857868379402
233 3.7521327872889967
234 3.62802610556882
235 2.895828625936465
236 4.17123270172233
237 3.380454150376096
238 3.808011969658218
239 4.0378353822242845
240 3.6934292373994
241 3.049088688769133
242 3.8747782829526622
243 3.2448161634147663
244 2.8556938152481255
245 3.2631809479341336
246 3.3455387193176445
247 3.8965427747648125
248 3.823944553949995
249 3.647627433721599
250 3.739147576625302
251 3.722043578692552
252 1.9146106560941492
253 3.262126200875074
254 3.7686223209831575
255 3.396970066012847
256 3.7486703795939396
257 3.8952341052994415
258 3.42153743144632
259 4.635144430594809
260 3.8639179862669986
261 3.618520854374101
262 3.680986009874202
263 2.8891529245761953
264 3.2288210108596545
265 3.2307577347414713
266 4.143861158261418
267 4.407644455221255
268 2.946219437041811
269 2.6907826310057437
270 3.7487741588977714
271 3.389457418653669
272 3.9961492175255446
273 3.5764207586798533
274 2.822666806737484
275 3.4791312293764713
276 3.471230113611818
277 4.15959984842832
278 3.649413205870387
279 4.465739691505693
280 3.646903846949136
281 3.9973506847119196
282 3.757670998033265
283 3.454764949887866
284 3.525681052236599
285 3.561926185668405
286 3.5834488957028245
287 3.2021201306649267
288 3.4900228070163846
289 3.1341895582588535
290 4.557130545982894
291 3.6829635713744864
292 3.579408871902579
293 4.208970703873529
294 3.116313480475118
295 2.868631559145283
296 3.7812670561893547
297 3.312182846833045
298 3.4470210327403894
299 3.8550334928051573
300 3.5824247050660154
301 3.5826486370238353
302 3.574715532001984
303 4.0160748234111425
304 3.8235478881099922
305 3.564411597414544
306 3.928596176928319
307 4.276528067582028
308 3.596866819746233
309 3.6052429482964654
310 3.5188879189961932
311 4.148966366862011
312 3.3931364482010316
313 3.6249439852450203
314 3.064265714096383
315 4.208181415534265
316 3.9735663709184705
317 3.587179127207402
318 3.6254174819361067
319 3.6177640961372846
320 3.157454189086562
321 3.102745084924655
322 3.9317295063161835
323 3.925764932895394
324 3.3624779305208774
325 3.2413804855875834
326 3.698564573177951
327 3.6160338964161216
328 4.582860185954799
329 4.74498084757063
330 3.1378015910357577
331 3.068894581965726
332 3.5195132068045956
333 3.6184055495489496
334 3.390692176985307
335 3.5518633132976305
336 2.143150193603267
337 4.482135428482459
338 3.118299600750523
339 4.004612849662548
340 2.889974989470326
341 3.168099860352709
342 3.359984400937862
343 3.7468827171830568
344 4.65114077164671
345 4.0364758204297795
346 3.8020213695587626
347 3.923574067216918
348 2.7819994711203493
349 3.395194564695554
350 3.6802818031630804
351 3.5419441366421487
352 3.236839874241668
353 2.8531123751674405
354 3.373319567064819
355 2.319712195753998
356 3.348999599096821
357 3.293726895881574
358 3.3350214309705066
359 3.1726636922628906

360 5.0
361 3.4403087836389807
362 4.049255768767411
363 3.4135640448111464
364 3.8377775583382188
365 3.2889868418832946
366 3.0559069790448907
367 3.495661915305326
368 3.682727777102879
369 3.691727113778415
370 3.2921784682596256
371 3.4167255443675124
372 3.007267926436881
373 4.1290292410356235
374 3.626621045512754
375 4.103466678388446
376 3.45591345907703
377 3.587642260288272
378 3.5944059115207683
379 3.576764486182624
380 2.9865438991224487
381 3.6950093992618376
382 3.828782795112304
383 3.589006740096634
384 3.7579698623779874
385 3.2533042740902487
386 3.392462578845723
387 3.7082317431517544
388 3.7678803140423844
389 3.3039914912696906
390 3.818280621366051
391 2.9008416986986645
392 5.0
393 4.204949028718822
394 2.9798434294630627
395 3.8178077942034196
396 3.857482393458849
397 3.6996768339770236
398 3.629940776633946
399 3.028901347376919
400 4.5334162963104045
401 4.303761678731569
402 4.241738204814384
403 4.347747266156375
404 3.6884889482693537
405 2.963771356338456
406 3.264117518278551
407 3.33295170978939
408 3.6136880990984714
409 3.4321748396613283
410 3.0918777946249145
411 4.28371057353201
412 3.4076471756056863
413 3.4443954164112425
414 4.012096807325658
415 3.2899952915715325
416 3.3540727335062797
417 3.7196022783716964
418 4.019721177750267
419 3.2955169938624143
420 3.5908211281321027
421 3.7215835178187464
422 4.184201260450751
423 3.7790510810492415
424 3.583485068331094
425 3.349781507830039
426 3.0874897497888414
427 3.9408838170789955
428 3.8229383270069652
429 3.935586671318827
430 2.524715373037725
431 3.5808822126610043
432 3.466392259568527
433 2.863659889514472
434 4.792442727912596
435 2.948897943150146
436 2.920195588345427
437 3.43019515305652
438 3.73181401453278
439 3.474636590865085
440 3.6594230629733864
441 4.00394840022127
442 4.405218080317958
443 4.180258374866762
444 3.6316655386202146
445 4.597930407454656
446 3.8267544556274835
447 4.845233920992795
448 2.960509301944328
449 3.349749258121006
450 4.489721934926841
451 3.3171468154275034
452 3.6915736190915815
453 3.6469188405554545
454 3.5967691591355844
455 2.8940434479614146
456 3.984589810898523
457 4.261709921709463
458 3.82661294771538
459 4.332483312999894
460 3.659875084611751
461 4.072866814232417
462 3.4810856604657694
463 4.524250855867644
464 4.373142687670777
465 3.3674963573088457
466 3.8901751450465127
467 4.094390498827251
468 3.9643659031456875
469 3.5637869716285637
470 3.3584832352781855
471 3.8632623709523672
472 3.8821235090161736
473 4.385264542899271
474 3.5808654630937324
475 4.515993676173185
476 3.5189565093622024
477 2.646599897121868
478 4.008263543499684
479 2.943668323940898
480 3.2005816895535375
481 4.9225475399997185
482 3.9263458988730506
483 3.6093421476350342
484 2.7326027634073196
485 2.87188599722527
486 3.479585121537387
487 3.9693266918688503
488 4.264637910889949
489 4.263825459636183
490 2.76021652742754
491 2.753992808847719
492 3.3677744428927165
493 2.5931945785723394
494 3.347141320145027
495 3.194161476238451
496 4.045382144234152
497 3.179074306581289
498 3.4970519684741093
499 3.3711381068118076
500 4.380455867597504
501 3.0658486759799057
502 4.170732661581069
503 3.995227472322716
504 4.1084909061259545
505 4.078872177985571
506 4.052810699251008
507 4.583229708445026
508 3.7719809756589213
509 4.959966028312071
510 3.868292232806692
511 3.495826893739507
512 4.507336620943667
513 3.38854806837555
514 1.3437870748072651
515 3.47723042760053
516 3.9181836054560666
517 3.6092524082724062


517 3.60925
518 4.53179
519 3.91847
520 2.7352
521 3.61174
522 3.0684
523 3.3953
524 3.32627
525 3.92978
526 2.82803
527 3.53628
528 3.04928
529 3.38029
530 2.11782
531 3.10926
532 4.51272
533 2.39681
534 2.56485
535 3.72438
536 3.12155
537 3.57982
538 3.24986
539 3.42833
540 4.08862
541 3.9482
542 2.8298587952030054
543 3.9017303527107026
544 3.8026306160831806
545 3.8566776252998745
546 3.3454001969714313
547 3.8243630140742537
548 3.954647949155708
549 3.644211250216773
550 3.102669056110548
551 4.092773925517744
552 3.0025206492340213
553 2.8496080269121675
554 3.3152293404299256
555 3.395814487974616
556 2.9642339153732773
557 4.401963916817211
558 3.360313842825887
559 3.6311705275700272
560 3.196594175743271
561 3.258085679484007
562 3.6898163536582245
563 4.839346227374051
564 3.2085751458669503
565 3.188112699355853
566 3.6049312589653097
567 3.379399086994027
568 4.397493426607463
569 3.568403914079117
570 3.1343857465865774
571 2.8153760966324364
572 1.0405236199913557
573 3.150368835464573
574 3.6583784361317444
575 3.2067658781082695
576 4.348864772113557
577 3.4391343210979053
578 3.1708833666239706
579 3.3915908394402825
580 3.490779609428002
581 3.5346727814455567
582 3.01275784170102
583 4.257776028244099
584 3.0416989155939658
585 3.4817546330687588
586 4.003004987927615
587 4.115094851454461
588 3.559625088388412
589 3.3613966229057044
590 3.34693314377177
591 3.7946257094179705
592 4.385731964794627
593 2.778908074221618
594 2.9730378511582023
595 2.814765130915361
596 4.018623664407278
597 3.6116524581950684
598 3.1684890418767946
599 3.4222947096729057
600 3.181304198628388
601 3.7935401300319755
602 3.5232818340552177
603 3.3143702815144565
604 3.356725567706758
605 3.5896936085322775
606 3.4614959163683774
607 2.6253805601243574
608 2.8737618129036475
609 3.2947809256712475
610 4.323326835306564
611 3.9153304903318356
612 3.0860519520130705
613 2.9478807513879333
614 4.308414657146499
615 4.244524911279695
616 2.509212684603286
617 3.8061043824633525
618 2.8603364239850504
619 3.1495636398236107
620 2.6105231662745556
621 4.4915602286715695
622 2.919128398920699
623 3.805621012854123
624 3.9308181229899417
625 3.2300473867584696
626 3.374846986223278
627 3.9411171390148634
628 2.508011610810015
629 3.305415282190331
630 3.286696871253859
631 3.414946207068437
632 4.207073525619647
633 3.233808308894689
634 3.247656091286688
635 2.9624771128117184
636 2.8962919700867937
637 3.74635006401992
638 3.013327293868273
639 2.7845248368193785
640 3.5414866788468444
641 2.8421682549058587
642 3.4032768136324996
643 4.392615351117483
644 3.207431517555975
645 3.159096917732314
646 3.252791127796622
647 2.517200002938049
648 3.215044571106971
649 4.145437513451552
650 3.0620728495308067
651 3.9926067861714842
652 4.076367967480668
653 3.9693771801606
654 3.6296852156973727
655 2.1189732866418036
656 1.23657556332054
657 2.2606598438748775
658 3.1745327441592304
659 3.0039853298574966
660 3.162233314207195
661 3.168702406840752
662 3.8106846910421868
663 3.441310124825179
664 2.5217674950433477
665 3.072367484378171
666 3.373152385750961
667 3.2568095028403223
668 4.033640218444791
669 4.275529561661848
670 3.2717064640653573
671 4.184403269380074
672 3.3211188639907565
673 3.6194028553738056
674 3.951114985484904
675 3.358658044208461
676 3.0619667953892327
677 3.815323865902147
678 3.707545710875849
679 3.4200744809708383
680 2.8497075356215666
681 3.299422717636876
682 3.0644691079507704
683 3.231768699138597
684 3.1554917244676943
685 3.8017766688932064
686 3.442758570207657
687 3.589259103862662
688 3.4354693727935466
689 3.2730093840947845
690 3.1766204795756314
691 3.904118969774939
692 3.1415492147542072
693 2.6464817410526167
694 3.7520550107938058
695 3.090013558183546
696 3.016337695315068
697 2.790825871468627
698 3.06355276182565
699 2.3754671606953615
700 3.3490069926526336
701 4.357821989316621
702 2.8371763183135146
703 3.2588965965433045
704 3.101222406773862
705 2.823190831915835
706 3.223312814041705
707 3.7514095418140783
708 3.282298369187548
709 3.365546439390306
710 3.344300935990246
711 3.5759472598623616
712 3.236753778241315
713 4.189527789277706
714 2.7571371029714618
715 3.4670045164269636
716 4.261169011409411
717 2.8525247806613883
718 3.0172811392808807
719 3.4903412212991474
720 3.4500661731847893
721 1.93068292754593
722 3.5410405604378585
723 2.5541287588873898
724 3.0434696056037867
725 2.6168154470589786
726 1.5235833771443477
727 3.691857640296726
728 2.2682205329036655
729 3.450402122785784
730 3.3399984389726685
731 3.8561445024209253
732 4.428687767878169
733 3.743853632884157
734 2.768344261548187
735 3.2357164738981465
736 2.9863256802171034
737 3.982742817517365
738 3.4080557693209506
739 3.2104565119242454
740 3.2046927145596342
741 3.052149488698389
742 2.940049553087874
743 3.294843797016563
744 3.1005302784714455
745 3.45863024461473
746 3.356483438355526
747 3.3208858267554877
748 3.426462308521584
749 2.7104979330524133
750 2.6717507496640955
751 3.979572585045057
752 2.790159145057263
753 2.767870952861308
754 4.616554034277796
755 3.5252739092106795
756 4.237559330558456
757 3.7486917466083214
758 3.245725457326757
759 3.952911602277418
760 3.8749243562070923
761 3.3661680255416546
762 3.3366229908994725
763 3.347646944853861
764 4.036675425792594
765 2.978462136315402
766 3.834731449047082
767 3.7674444663482003
768 4.043325139614425
769 4.017870392000728
770 3.880433323049591
771 3.3369283917069823
772 2.685009565372025
773 3.778387888256807
774 3.849902589304118
775 3.464481860019041
776 3.3728203463664164
777 3.644934746955144
778 3.347909171169528
779 3.3522558503570874
780 3.5149754769228365
781 4.1119380036753235
782 3.1797663644954803
783 3.077907849939955
784 3.5166006013149103
785 4.102917464757497
786 3.3092072149326164
787 3.5041948591163647
788 4.767981308590289
789 3.7377347946766575
790 3.6782812970632848
791 4.130029972236583
792 3.490556381855777
793 3.8786872643424957
794 4.0332791208228524
795 3.6950650740481197
796 3.341049201731028
797 1.952469456950408
798 2.792169063037365
799 3.3090739420011057
800 3.2045879571181
801 3.8418759901659567
802 3.4490177126069548
803 2.558480317870799
804 3.4488604778348555
805 3.555345996138672
806 3.685778082579523
807 3.262178670898657
808 3.429370184072159
809 3.015643109320806
810 3.1891157304083357
811 3.3870110439446823
812 3.5195060590192466
813 3.528347375969176
814 3.403613797734579
815 3.5480353889512153
816 3.470242997732414
817 2.99557937021314
818 3.366832638460977
819 3.7959851887528115
820 2.6777671049318825
821 3.381686411002222
822 3.5496088640706964
823 3.2380149785007464
824 3.3628036986830585
825 2.874456315204226
826 3.785255948527925
827 3.504445194470142
828 3.0004758239364855
829 3.1799848692079435
830 2.8937825065556155
831 3.581432789582516
832 -350.0452210989819
833 2.7425400100326667
834 3.660354684023392
835 3.447629862792728
836 3.740013899851571
837 3.830061554413801
838 3.6297700640889587
839 3.7469586917508724
840 3.731690978713565
841 3.572186920777681
842 3.1278610107766087
843 3.4630341362051755
844 2.5063621898116923
845 3.7898835519801817
846 3.4018180803381552
847 2.7421423945109593
848 2.846950455801588
849 3.938075271351944
850 4.335527904285332
851 -270.08261095195286
852 2.9871894113804616
853 2.4963331006796063
854 3.3762444156060454
855 3.429664761081244
856 3.5934134513294844
857 2.600942697934605
858 3.9551311344439544
859 3.4281156430818323
860 3.454721657222614
861 3.5839766714784203
862 3.2505658126285484
863 2.9862135842428246
864 3.2482819343453713
865 3.7213930961303894
866 3.7745037324724002
867 2.877972283917242
868 4.954619012362915
869 3.2839371958939063
870 3.4929387579349487
871 3.4103206198490876
872 2.557368489180785
873 3.367792210953341
874 2.316992071721266
875 3.548328067482688
876 3.410835707434503
877 3.114523027457111
878 3.4564028922893852
879 3.8930459519712466
880 3.681866493117812
881 3.267213975198971
882 3.1106183711373334
883 2.6475956555026143
884 2.9898211859067736
885 3.211786084547002
886 2.581423015970922
887 4.451010268914504
888 4.098022209477401
889 3.625397780340447
890 3.074108930001277
891 3.320939660783403
892 3.8289811255082276
893 3.7185809096625944
894 2.77489008070431
895 3.023337396280396
896 3.107285776773466
897 -610.6100751544723
898 2.860946771225133
899 3.2929520622662145
900 3.0336517013642594
901 3.189764300966644
902 3.454357351412708
903 2.928520946307158
904 3.4541302721223897
905 3.635386412805764
906 2.810286157801769
907 3.0257840957202844
908 3.1919175967638456
909 3.7389368271515546
910 2.7649400088525593
911 2.9955882393332556
912 2.6596906390299515
913 3.825355309560358
914 3.147390767432626
915 3.604731751343694
916 -608.5148950671351
917 3.095571131748433
918 2.7199674151950544
919 5.007872873071013
920 2.9534293095683473
921 3.886417147065918
922 3.57908798262027
923 3.129997423168079
924 3.576531763493291
925 3.003849004207956
926 3.772206792717032
927 3.6359949411964
928 3.4699618002428005
929 3.6139567544139983
930 2.512287871071417
931 2.7921130926584077
932 3.536637101154635
933 3.2880111242166605
934 3.293930010555257
935 3.8130339561677555
936 3.5395716315886934
937 2.907245124949632
938 3.0196865270998465
939 3.808345490880541
940 3.8951000834824234
941 3.70434983857613
942 3.941293635225431
943 3.215092055646918
944 3.260256166843187
945 3.9392467939273197
946 3.1397260498781256
947 1.879328325270244
948 3.2039055042020386
949 2.9124314065770314
950 3.6256158623587975
951 -109.21259991650835
952 3.3460679349930085
953 2.9236931920682823
954 3.267744537088081
955 1.815221062306974
956 2.7894270666894085
957 3.940973272601566
958 3.4075843996209145
959 2.7145896060416663
960 2.693497371693671
961 3.0497074369013166
962 3.347817536876758
963 3.539064604612806
964 4.195940246082894
965 3.380640584123896
966 3.8322440991681024
967 3.5363195939156644
968 3.0304075182902026
969 3.6179507473617347
970 3.5736524389084403
971 3.3633211896452915
972 4.140934854715943
973 3.6882638378217174
974 3.278069638588515
975 3.4347892270539155
976 2.359530066110894
977 3.6409616948273222
978 3.8849674775981606
979 3.4628274508616297
980 4.124984027572297
981 2.9453593821613056
982 3.499693264008368
983 3.51599801646409
984 3.8177035351851862
985 3.3047783797161903
986 3.7484497094841007
987 2.8344634271442604
988 3.5740256807596387
989 2.659558813457486
990 3.61244700357366
991 3.4891020825318693
992 3.525159293833429
993 2.394357549203518
994 3.5409294238361424
995 3.5363944803938216
996 4.0951298237202485
997 2.9013267063964516
998 4.142699024802769
999 3.8185825745971007
1000 3.6543368345468634
1001 3.5978237236787494
1002 3.4924252271813745
1003 3.3723934481787357
1004 3.386789998370648
1005 3.3834095401974054
1006 3.3626020246145125
1007 3.8410949308049407
1008 3.0467754997612237